;this table contains the corresponding amiga periods for the note values in the modfile
    .dw 856,808,762,720,678,640,604,570,538,508,480,453
    .dw 428,404,381,360,339,320,302,285,269,254,240,226
    .dw 214,202,190,180,170,160,151,143,135,127,120,113,0
    .dw 850,802,757,715,674,637,601,567,535,505,477,450
    .dw 425,401,379,357,337,318,300,284,268,253,239,225
    .dw 213,201,189,179,169,159,150,142,134,126,119,113,0
    .dw 844,796,752,709,670,632,597,563,532,502,474,447
    .dw 422,398,376,355,335,316,298,282,266,251,237,224
    .dw 211,199,188,177,167,158,149,141,133,125,118,112,0
    .dw 838,791,746,704,665,628,592,559,528,498,470,444
    .dw 419,395,373,352,332,314,296,280,264,249,235,222
    .dw 209,198,187,176,166,157,148,140,132,125,118,111,0
    .dw 832,785,741,699,660,623,588,555,524,495,467,441
    .dw 416,392,370,350,330,312,294,278,262,247,233,220
    .dw 208,196,185,175,165,156,147,139,131,124,117,110,0
    .dw 826,779,736,694,655,619,584,551,520,491,463,437
    .dw 413,390,368,347,328,309,292,276,260,245,232,219
    .dw 206,195,184,174,164,155,146,138,130,123,116,109,0
    .dw 820,774,730,689,651,614,580,547,516,487,460,434
    .dw 410,387,365,345,325,307,290,274,258,244,230,217
    .dw 205,193,183,172,163,154,145,137,129,122,115,109,0
    .dw 814,768,725,684,646,610,575,543,513,484,457,431
    .dw 407,384,363,342,323,305,288,272,256,242,228,216
    .dw 204,192,181,171,161,152,144,136,128,121,114,108,0
    .dw 907,856,808,762,720,678,640,604,570,538,508,480
    .dw 453,428,404,381,360,339,320,302,285,269,254,240
    .dw 226,214,202,190,180,170,160,151,143,135,127,120,0
    .dw 900,850,802,757,715,675,636,601,567,535,505,477
    .dw 450,425,401,379,357,337,318,300,284,268,253,238
    .dw 225,212,200,189,179,169,159,150,142,134,126,119,0
    .dw 894,844,796,752,709,670,632,597,563,532,502,474
    .dw 447,422,398,376,355,335,316,298,282,266,251,237
    .dw 223,211,199,188,177,167,158,149,141,133,125,118,0
    .dw 887,838,791,746,704,665,628,592,559,528,498,470
    .dw 444,419,395,373,352,332,314,296,280,264,249,235
    .dw 222,209,198,187,176,166,157,148,140,132,125,118,0
    .dw 881,832,785,741,699,660,623,588,555,524,494,467
    .dw 441,416,392,370,350,330,312,294,278,262,247,233
    .dw 220,208,196,185,175,165,156,147,139,131,123,117,0
    .dw 875,826,779,736,694,655,619,584,551,520,491,463
    .dw 437,413,390,368,347,328,309,292,276,260,245,232
    .dw 219,206,195,184,174,164,155,146,138,130,123,116,0
    .dw 868,820,774,730,689,651,614,580,547,516,487,460
    .dw 434,410,387,365,345,325,307,290,274,258,244,230
    .dw 217,205,193,183,172,163,154,145,137,129,122,115,0
    .dw 862,814,768,725,684,646,610,575,543,513,484,457
    .dw 431,407,384,363,342,323,305,288,272,256,242,228
    .dw 216,203,192,181,171,161,152,144,136,128,121,114,0

    ; These are paddings for the arpeggio function..
    ; PT BUGFIX: Arpeggio on -1 finetuned samples,
    ; add extra zeroes.
    .dw 0,0,0,0,0,0,0,0,0,0,0,0,0,0
